06756	153.28
06765	153.28
08365	153.28
09690	153.28
09694	153.28
10649	153.28
10655	153.28
11956	153.28
11957	153.28
13092	153.28
13093	153.28
14258	153.28
15466	153.28
15472	153.28
15555	153.28
15556	153.28
15557	153.28
15558	153.28
15559	153.28
16588	153.28
16589	153.28
17379	153.28
19850	153.28
19851	153.28
20638	153.28
20639	153.28
21806	153.28
24577	153.28
24579	153.28
24580	153.28
03526	153.45
03545	153.45
10654	153.45
10656	153.45
14257	153.45
15467	153.45
15471	153.45
17687	153.45
18417	153.45
21808	153.45
24576	153.45
24578	153.45
24581	153.45
17690	153.77
18418	153.77
28431	153.93
17382	154.25
28436	154.25
22809	154.57
21807	154.74
19852	154.90
21803	154.90
25622	154.98
17689	155.06
17380	155.38
29584	155.70
20641	155.87
20640	156.19
17381	156.35
17688	156.35
19849	156.35
21804	156.35
28434	156.35
18419	156.51
18420	156.67
29587	156.75
22805	156.83
27762	156.83
22808	157.48
29589	157.48
28435	157.80
26986	157.96
26989	158.13
27773	158.13
25621	158.29
29588	158.29
26359	158.45
22804	158.77
21805	158.93
26987	158.93
26991	159.26
25617	159.58
22807	159.90
25619	159.90
25620	160.07
26358	160.07
26988	160.07
27760	160.07
27761	160.07
22806	160.23
26990	160.39
25618	161.36
29586	161.36
27745	161.52
28432	161.68
28433	162.01
29585	162.01
